Customer_ID,Number_Of_Purchases,Total_Quantity,Sales_Revenue,Average_Purchase,Age,Gender,Location,Join_Date,Total_Spent
2001,26,84,9757.66,375.2946153846154,45,Female,Jacksonville,2022-03-20,9757.66
2002,26,82,10921.86,420.07153846153847,50,Male,San Antonio,2023-10-05,10921.86
2003,23,61,7032.84,305.77565217391304,63,Female,New York,2023-01-25,7032.84
2004,3,7,487.76,162.58666666666667,52,Male,Philadelphia,2024-11-30,487.76
2005,21,78,9999.42,476.16285714285715,60,Female,San Jose,2024-06-02,9999.42
2006,10,28,2277.79,227.779,25,Female,Dallas,2023-10-05,2277.79
2007,14,39,1906.8,136.2,38,Female,Jacksonville,2023-09-26,1906.8
2008,14,39,5564.58,397.46999999999997,30,Female,Austin,2023-08-29,5564.58
2009,10,20,1370.33,137.033,29,Female,San Antonio,2024-02-16,1370.33
2010,13,35,3747.72,288.2861538461538,31,Female,San Jose,2022-01-01,3747.72
2011,20,60,10127.04,506.35200000000003,46,Male,Dallas,2023-10-22,10127.04
2012,11,27,2067.94,187.99454545454546,68,Male,Austin,2024-08-27,2067.94
2013,33,110,16416.879999999997,497.481212121212,60,Female,Los Angeles,2022-06-23,16416.88
2014,9,23,1481.25,164.58333333333334,32,Male,Chicago,2023-04-27,1481.25
2015,26,79,11075.41,425.9773076923077,48,Male,San Diego,2022-02-20,11075.41
2016,3,5,211.95,70.64999999999999,54,Male,Jacksonville,2024-04-28,211.95
2017,21,67,8129.099999999999,387.09999999999997,33,Male,Austin,2024-02-26,8129.1
2018,4,8,766.4100000000001,191.60250000000002,67,Male,San Antonio,2022-01-12,766.41
2019,16,46,3900.89,243.805625,62,Female,New York,2023-03-25,3900.89
2020,5,8,616.82,123.364,25,Female,Chicago,2023-05-26,616.82
2021,14,40,3063.71,218.83642857142857,53,Female,San Diego,2024-08-09,3063.71
2022,21,69,10914.07,519.717619047619,53,Female,Chicago,2024-10-30,10914.07
2023,23,63,7636.950000000001,332.0413043478261,66,Male,Austin,2024-08-30,7636.95
2024,10,23,2222.16,222.21599999999998,51,Female,Austin,2023-07-22,2222.16
2025,21,70,9581.43,456.25857142857143,22,Female,Houston,2023-05-05,9581.43
2026,16,46,6040.34,377.52125,52,Male,Chicago,2023-07-11,6040.34
2027,14,43,4855.849999999999,346.84642857142853,62,Male,Jacksonville,2022-11-05,4855.85
2028,19,61,9235.07,486.0563157894737,44,Female,Dallas,2023-03-15,9235.07
2029,19,63,9303.69,489.66789473684213,31,Female,San Antonio,2024-08-12,9303.69
2030,2,2,104.8,52.4,66,Female,San Diego,2022-02-10,104.8
2031,7,15,965.1700000000001,137.8814285714286,37,Female,San Antonio,2022-01-13,965.17
2032,31,90,12927.33,417.0106451612903,35,Female,San Diego,2023-03-28,12927.33
2033,17,47,6947.16,408.65647058823527,60,Female,Jacksonville,2022-03-01,6947.16
2034,7,15,1351.9,193.12857142857143,26,Male,San Antonio,2022-12-05,1351.9
2035,13,32,4438.05,341.38846153846157,45,Male,San Diego,2022-02-25,4438.05
2036,23,57,9018.74,392.1191304347826,42,Female,Houston,2023-01-08,9018.74
2037,27,90,10311.79,381.9181481481482,66,Female,Phoenix,2024-07-20,10311.79
2038,20,50,6220.96,311.048,23,Female,New York,2024-05-13,6220.96
2039,5,12,696.38,139.276,40,Male,Austin,2022-04-17,696.38
2040,20,47,3761.79,188.0895,59,Male,New York,2022-05-21,3761.79
2041,27,72,9054.94,335.3681481481482,19,Male,Houston,2023-05-22,9054.94
2042,23,68,9622.01,418.34826086956525,25,Male,San Diego,2022-09-16,9622.01
2043,11,24,2010.1299999999999,182.7390909090909,28,Male,Chicago,2023-06-09,2010.13
2044,26,72,10930.03,420.38576923076926,19,Female,San Jose,2023-09-30,10930.03
2045,21,64,8137.4,387.49523809523805,63,Male,Los Angeles,2024-02-08,8137.4
2046,22,67,9709.05,441.32045454545454,67,Female,Austin,2023-05-13,9709.05
2047,9,23,1566.6100000000001,174.0677777777778,54,Male,Philadelphia,2022-09-05,1566.61
2048,26,89,12178.27,468.39500000000004,41,Male,Dallas,2024-12-27,12178.27
2049,14,43,7644.75,546.0535714285714,44,Female,Los Angeles,2023-11-30,7644.75
2050,4,7,446.68,111.67,58,Female,Jacksonville,2024-06-06,446.68
2051,24,71,7640.6900000000005,318.3620833333334,64,Female,San Jose,2022-11-10,7640.69
2052,16,45,5972.53,373.283125,70,Female,Philadelphia,2024-09-17,5972.53
2053,5,11,782.14,156.428,23,Female,San Diego,2023-05-18,782.14
2054,11,19,1306.8700000000001,118.80636363636364,54,Female,Philadelphia,2023-05-15,1306.87
2055,34,107,16525.91,486.05617647058824,38,Male,San Diego,2022-02-28,16525.91
2056,26,70,11565.67,444.83346153846156,34,Female,Phoenix,2023-03-11,11565.67
2057,18,56,6764.82,375.8233333333333,51,Male,Los Angeles,2023-07-20,6764.82
2058,8,20,1175.52,146.94,49,Male,Jacksonville,2023-05-10,1175.52
2059,3,7,456.43000000000006,152.14333333333335,49,Female,New York,2024-09-02,456.43
2060,23,74,10774.7,468.4652173913044,43,Male,Phoenix,2022-07-10,10774.7
2061,18,50,6920.43,384.46833333333336,51,Female,San Antonio,2024-01-26,6920.43
2062,31,96,11559.4,372.8838709677419,47,Female,Phoenix,2023-11-09,11559.4
2063,20,57,7845.27,392.2635,64,Male,Philadelphia,2023-05-30,7845.27
2064,8,24,2022.1000000000001,252.76250000000002,66,Male,Houston,2022-09-02,2022.1
2065,6,15,530.64,88.44,35,Female,Los Angeles,2023-03-20,530.64
2066,22,81,9820.36,446.38000000000005,41,Male,Phoenix,2023-02-02,9820.36
2067,5,11,804.1400000000001,160.82800000000003,26,Female,New York,2022-01-29,804.14
2068,25,70,9942.97,397.7188,62,Male,Austin,2022-04-22,9942.97
2069,18,53,6711.58,372.86555555555555,18,Female,San Diego,2024-10-02,6711.58
2070,18,39,4359.57,242.19833333333332,29,Male,Phoenix,2024-09-07,4359.57
2071,23,72,9008.47,391.6726086956522,22,Female,San Diego,2024-09-05,9008.47
2072,25,78,11937.79,477.51160000000004,61,Male,Chicago,2022-06-01,11937.79
2073,5,12,934.4399999999999,186.88799999999998,37,Male,Houston,2022-11-02,934.44
2074,19,59,7780.53,409.5015789473684,44,Male,Dallas,2022-08-31,7780.53
2075,21,62,7967.21,379.3909523809524,46,Female,San Jose,2024-02-19,7967.21
2076,20,55,7647.93,382.3965,57,Male,San Jose,2024-05-28,7647.93
2077,11,21,1824.28,165.84363636363636,31,Male,Phoenix,2022-07-23,1824.28
2078,18,61,7617.91,423.21722222222223,29,Male,Chicago,2022-06-16,7617.91
2079,28,78,10761.05,384.32321428571424,62,Female,Phoenix,2022-01-06,10761.05
2080,17,48,7181.53,422.4429411764706,63,Female,Jacksonville,2022-03-08,7181.53
2081,13,43,6621.17,509.32076923076926,32,Female,Austin,2024-07-18,6621.17
2082,14,44,6495.71,463.9792857142857,52,Male,Austin,2023-02-10,6495.71
2083,10,20,1527.01,152.701,70,Male,Los Angeles,2022-11-02,1527.01
2084,28,79,10955.51,391.2682142857143,37,Female,San Diego,2022-05-03,10955.51
2085,29,91,13561.06,467.62275862068964,37,Female,Phoenix,2022-09-12,13561.06
2086,25,85,13247.88,529.9151999999999,46,Male,San Jose,2024-10-21,13247.88
2087,8,16,1335.67,166.95875,65,Female,San Jose,2022-03-23,1335.67
2088,19,60,9738.24,512.5389473684211,32,Male,Austin,2023-05-28,9738.24
2089,23,64,9297.5,404.2391304347826,66,Male,San Diego,2023-07-06,9297.5
2090,9,22,1632.04,181.33777777777777,35,Male,San Jose,2024-11-28,1632.04
2091,8,18,1563.48,195.435,49,Male,San Diego,2024-06-11,1563.48
2092,16,35,5145.29,321.580625,38,Male,Chicago,2023-12-14,5145.29
2093,37,130,15359.78,415.1291891891892,49,Female,Austin,2023-11-07,15359.78
2094,8,17,1670.6499999999999,208.83124999999998,53,Male,San Diego,2024-03-31,1670.65
2095,13,40,5584.1,429.54615384615386,38,Male,San Antonio,2022-06-30,5584.1
2096,3,7,693.72,231.24,18,Female,San Antonio,2024-11-19,693.72
2097,19,53,6250.36,328.96631578947364,41,Female,Austin,2022-04-22,6250.36
2098,9,20,1478.66,164.29555555555555,31,Female,Dallas,2024-06-24,1478.66
2099,4,8,665.8100000000001,166.45250000000001,46,Female,Los Angeles,2022-09-26,665.81
2100,2,6,394.59000000000003,197.29500000000002,56,Male,Jacksonville,2022-03-01,394.59
2101,24,80,8359.36,348.3066666666667,18,Female,Los Angeles,2022-11-21,8359.36
2102,9,22,1574.62,174.95777777777778,25,Female,Los Angeles,2023-04-06,1574.62
2103,19,51,5774.79,303.93631578947367,63,Female,Dallas,2022-11-12,5774.79
2104,17,48,4840.69,284.7464705882353,48,Female,Houston,2023-07-14,4840.69
2105,22,59,8492.59,386.0268181818182,42,Male,San Jose,2024-07-24,8492.59
2106,15,36,3142.31,209.48733333333334,26,Male,Phoenix,2024-11-06,3142.31
2107,22,54,5055.18,229.7809090909091,68,Female,New York,2024-04-29,5055.18
2108,9,30,2204.49,244.9433333333333,55,Female,Chicago,2023-08-03,2204.49
2109,16,53,7617.87,476.116875,40,Female,Dallas,2024-07-03,7617.87
2110,20,59,8678.94,433.947,38,Male,Jacksonville,2024-02-12,8678.94
2111,12,42,6558.610000000001,546.5508333333333,32,Female,New York,2023-05-05,6558.61
2112,6,12,790.49,131.74833333333333,63,Female,San Antonio,2023-10-14,790.49
2113,12,39,4201.57,350.1308333333333,20,Male,Dallas,2022-11-08,4201.57
2114,5,10,374.03999999999996,74.80799999999999,46,Male,Dallas,2023-11-11,374.04
2115,33,95,9848.19,298.43,27,Female,Austin,2024-07-24,9848.19
2116,22,60,7086.26,322.1027272727273,68,Female,Philadelphia,2022-11-13,7086.26
2117,15,33,2317.0,154.46666666666667,39,Female,Philadelphia,2024-03-25,2317.0
2118,7,14,1150.09,164.29857142857142,20,Male,Houston,2024-09-26,1150.09
2119,7,12,712.67,101.80999999999999,65,Male,San Antonio,2023-08-12,712.67
2120,7,23,1624.34,232.04857142857142,63,Male,San Diego,2022-07-21,1624.34
2121,8,20,1509.08,188.635,19,Male,Philadelphia,2022-12-07,1509.08
2122,14,41,5489.69,392.12071428571426,41,Female,Chicago,2022-04-25,5489.69
2123,20,60,7889.139999999999,394.457,54,Male,Chicago,2023-05-16,7889.14
2124,21,62,7409.6900000000005,352.84238095238095,42,Male,San Diego,2022-12-25,7409.69
2125,24,79,11077.99,461.5829166666667,58,Female,San Diego,2022-10-21,11077.99
2126,8,20,1844.33,230.54125,69,Female,Phoenix,2023-06-07,1844.33
2127,20,50,7773.53,388.6765,40,Female,Austin,2022-11-20,7773.53
2128,13,34,2184.48,168.03692307692307,47,Female,Houston,2024-05-18,2184.48
2129,8,20,2072.39,259.04875,24,Male,San Antonio,2024-02-27,2072.39
2130,15,47,5277.47,351.83133333333336,62,Female,New York,2024-01-06,5277.47
2131,33,111,14277.970000000001,432.6657575757576,54,Male,San Jose,2024-03-21,14277.97
2132,3,7,593.66,197.88666666666666,36,Male,San Jose,2024-10-14,593.66
2133,21,63,9439.710000000001,449.51000000000005,30,Female,Austin,2023-12-23,9439.71
2134,11,28,1637.19,148.83545454545455,58,Male,Phoenix,2022-10-08,1637.19
2135,19,61,10815.37,569.23,41,Male,Los Angeles,2024-06-21,10815.37
2136,20,66,9705.380000000001,485.26900000000006,44,Male,Houston,2023-08-28,9705.38
2137,9,17,1439.44,159.9377777777778,41,Female,Chicago,2022-09-28,1439.44
2138,3,5,355.68,118.56,48,Female,Jacksonville,2023-06-11,355.68
2139,8,16,979.54,122.4425,47,Male,Chicago,2023-11-25,979.54
2140,6,12,1186.51,197.75166666666667,64,Female,Dallas,2023-04-08,1186.51
2141,28,94,12976.78,463.4564285714286,43,Male,Phoenix,2024-01-20,12976.78
2142,15,43,6527.57,435.17133333333334,61,Female,San Jose,2022-09-11,6527.57
2143,4,7,357.4,89.35,41,Male,Austin,2024-02-20,357.4
2144,21,65,7711.08,367.1942857142857,57,Female,San Jose,2023-04-24,7711.08
2145,13,31,2400.08,184.62153846153845,58,Female,Jacksonville,2023-03-30,2400.08
2146,11,23,1468.29,133.48090909090908,25,Male,New York,2023-09-11,1468.29
2147,20,63,8869.03,443.4515,49,Male,Los Angeles,2022-03-18,8869.03
2148,5,14,831.72,166.344,26,Female,San Diego,2023-04-26,831.72
2149,11,24,1656.33,150.57545454545453,65,Female,San Jose,2024-01-30,1656.33
2150,4,10,930.55,232.6375,59,Male,San Diego,2022-11-13,930.55
2151,4,8,659.2,164.8,35,Male,Jacksonville,2024-04-15,659.2
2152,29,79,10479.35,361.35689655172416,46,Male,Philadelphia,2024-01-29,10479.35
2153,5,9,878.1200000000001,175.62400000000002,41,Female,New York,2022-07-23,878.12
2154,26,82,9617.04,369.8861538461539,25,Female,Los Angeles,2024-03-26,9617.04
2155,4,10,1063.46,265.865,56,Male,New York,2023-03-11,1063.46
2156,16,41,4945.7,309.10625,26,Male,Los Angeles,2023-11-15,4945.7
2157,14,37,4645.76,331.84000000000003,70,Male,Philadelphia,2023-03-01,4645.76
2158,20,47,3678.18,183.909,56,Male,Phoenix,2022-10-30,3678.18
2159,1,3,174.32999999999998,174.32999999999998,52,Female,Chicago,2022-10-24,174.33
2160,12,29,2107.23,175.6025,19,Male,New York,2022-08-14,2107.23
2161,7,13,1184.33,169.19,33,Female,New York,2024-01-04,1184.33
2162,27,64,7872.57,291.57666666666665,26,Female,Dallas,2022-12-23,7872.57
2163,15,31,1668.31,111.22066666666666,48,Female,Philadelphia,2022-08-21,1668.31
2164,21,68,9728.6,463.2666666666667,46,Male,San Jose,2024-11-17,9728.6
2165,8,20,1228.51,153.56375,60,Female,San Diego,2022-03-30,1228.51
2166,31,81,10917.619999999999,352.1812903225806,48,Female,San Antonio,2022-03-05,10917.62
2167,24,70,10861.53,452.56375,46,Male,Los Angeles,2022-08-10,10861.53
2168,14,38,3214.2200000000003,229.58714285714288,22,Male,Phoenix,2023-10-22,3214.22
2169,14,41,5427.58,387.6842857142857,56,Female,San Diego,2023-10-28,5427.58
2170,8,17,1762.15,220.26875,24,Male,Austin,2024-11-01,1762.15
2171,19,63,7876.0,414.5263157894737,32,Female,Philadelphia,2023-03-17,7876.0
2172,28,87,9737.699999999999,347.775,64,Male,Philadelphia,2024-07-17,9737.7
2173,16,53,5538.44,346.1525,34,Female,Chicago,2024-05-24,5538.44
2174,16,45,5114.9400000000005,319.68375000000003,23,Male,San Antonio,2024-08-29,5114.94
2175,15,30,2485.8,165.72,41,Male,Dallas,2022-07-17,2485.8
2176,22,74,10687.66,485.8027272727273,53,Female,Austin,2022-05-03,10687.66
2177,30,83,10331.7,344.39000000000004,60,Female,Jacksonville,2022-09-08,10331.7
2178,6,12,730.99,121.83166666666666,56,Female,Philadelphia,2022-04-16,730.99
2179,14,42,5039.280000000001,359.9485714285715,31,Male,Austin,2022-08-01,5039.28
2180,17,54,6053.7,356.09999999999997,24,Female,Dallas,2024-09-14,6053.7
2181,15,42,6354.16,423.61066666666665,35,Male,San Antonio,2024-01-23,6354.16
2182,5,14,1004.63,200.926,60,Female,New York,2022-02-23,1004.63
2183,27,93,10259.8,379.9925925925926,66,Female,Philadelphia,2023-01-05,10259.8
2184,23,69,8831.07,383.9595652173913,27,Female,Los Angeles,2023-12-20,8831.07
2185,13,37,2823.92,217.2246153846154,19,Male,Jacksonville,2022-10-18,2823.92
2186,15,48,8649.81,576.654,44,Female,Philadelphia,2024-12-22,8649.81
2187,25,70,7544.8,301.79200000000003,64,Female,San Jose,2022-11-19,7544.8
2188,4,9,726.3199999999999,181.57999999999998,27,Male,San Jose,2022-06-23,726.32
2189,12,29,3006.4700000000003,250.5391666666667,35,Female,Austin,2022-04-12,3006.47
2190,18,61,8562.21,475.6783333333333,46,Female,Phoenix,2024-05-18,8562.21
2191,14,37,3336.6,238.32857142857142,25,Female,San Antonio,2023-03-18,3336.6
2192,20,64,9770.130000000001,488.5065000000001,61,Female,Dallas,2022-08-16,9770.13
2193,20,61,8034.67,401.7335,43,Male,New York,2023-09-24,8034.67
2194,14,33,5143.15,367.36785714285713,31,Male,Phoenix,2023-02-23,5143.15
2195,22,74,7721.73,350.9877272727272,18,Female,Jacksonville,2023-08-16,7721.73
2196,15,49,7955.0,530.3333333333334,42,Male,Dallas,2024-05-31,7955.0
2197,15,37,5807.45,387.1633333333333,65,Male,San Antonio,2023-12-27,5807.45
2198,29,89,11066.67,381.6093103448276,22,Female,San Jose,2022-02-08,11066.67
2199,26,79,10802.11,415.46576923076924,63,Female,Phoenix,2024-05-29,10802.11
2200,25,73,8541.24,341.64959999999996,38,Male,San Jose,2022-08-24,8541.24
2201,8,18,1736.1599999999999,217.01999999999998,41,Male,San Antonio,2024-07-31,1736.16
2202,20,54,8641.84,432.092,55,Female,Dallas,2022-08-05,8641.84
2203,25,65,10389.57,415.58279999999996,37,Female,Houston,2022-06-11,10389.57
2204,6,18,1188.3899999999999,198.06499999999997,22,Male,Dallas,2023-11-14,1188.39
2205,12,39,6818.44,568.2033333333333,67,Female,Philadelphia,2024-11-10,6818.44
2206,22,68,9343.81,424.71863636363634,27,Female,Houston,2022-10-30,9343.81
2207,10,25,2048.77,204.877,66,Male,Chicago,2022-12-22,2048.77
2208,11,35,4652.9400000000005,422.9945454545455,54,Female,Austin,2024-10-08,4652.94
2209,9,18,1307.94,145.32666666666668,58,Female,Chicago,2023-10-24,1307.94
2210,19,55,7660.11,403.1636842105263,46,Female,Phoenix,2024-06-19,7660.11
2211,23,60,7399.41,321.7134782608696,22,Female,San Diego,2022-04-26,7399.41
2212,29,93,13163.14,453.9013793103448,41,Female,Los Angeles,2024-07-14,13163.14
2213,3,4,213.51,71.17,50,Female,San Diego,2022-07-04,213.51
2214,16,48,6507.16,406.6975,69,Male,Philadelphia,2022-03-26,6507.16
2215,22,74,7962.46,361.93,21,Female,Los Angeles,2024-09-01,7962.46
2216,6,12,584.99,97.49833333333333,23,Male,New York,2023-12-05,584.99
2217,12,36,2525.87,210.48916666666665,46,Male,Philadelphia,2023-05-23,2525.87
2218,5,9,498.70000000000005,99.74000000000001,42,Female,Philadelphia,2024-02-03,498.7
2219,7,16,1147.84,163.97714285714284,59,Female,Los Angeles,2022-04-18,1147.84
2220,18,41,6102.99,339.055,61,Female,Phoenix,2023-11-07,6102.99
2221,19,47,3829.98,201.5778947368421,60,Male,Philadelphia,2023-06-01,3829.98
2222,23,73,7783.82,338.4269565217391,27,Female,Phoenix,2022-06-16,7783.82
2223,33,100,15115.57,458.04757575757577,63,Male,Phoenix,2024-03-13,15115.57
2224,9,20,1555.43,172.82555555555555,39,Male,Austin,2024-02-11,1555.43
2225,22,68,10752.94,488.77000000000004,60,Female,Dallas,2024-12-14,10752.94
2226,27,86,12624.960000000001,467.59111111111116,37,Male,Houston,2024-01-12,12624.96
2227,9,18,1575.1,175.0111111111111,49,Male,Houston,2023-12-01,1575.1
2228,16,53,7915.39,494.711875,36,Male,Dallas,2022-10-09,7915.39
2229,18,50,7418.799999999999,412.1555555555555,39,Male,San Jose,2024-12-14,7418.8
2230,22,58,8735.44,397.06545454545454,29,Male,Jacksonville,2024-02-11,8735.44
2231,25,69,9247.06,369.88239999999996,41,Male,San Diego,2024-06-15,9247.06
2232,3,10,782.36,260.7866666666667,68,Female,Houston,2023-08-07,782.36
2233,24,78,8434.56,351.44,69,Female,Houston,2024-12-29,8434.56
2234,7,15,1292.67,184.66714285714286,54,Female,San Diego,2024-01-24,1292.67
2235,5,11,526.98,105.396,50,Female,Chicago,2023-08-01,526.98
2236,4,10,687.8199999999999,171.95499999999998,26,Female,New York,2023-02-13,687.82
2237,7,10,586.45,83.77857142857144,53,Male,Jacksonville,2024-09-11,586.45
2238,5,12,893.44,178.68800000000002,36,Male,Chicago,2024-11-22,893.44
2239,21,67,7961.45,379.1166666666667,50,Male,San Antonio,2023-07-13,7961.45
2240,5,10,410.46000000000004,82.09200000000001,32,Female,Philadelphia,2022-07-07,410.46
2241,22,67,8639.97,392.72590909090906,43,Female,Houston,2022-02-24,8639.97
2242,3,6,343.53999999999996,114.51333333333332,41,Male,New York,2024-03-01,343.54
2243,7,13,855.8299999999999,122.26142857142857,63,Female,Chicago,2023-10-15,855.83
2244,11,31,4402.87,400.2609090909091,48,Male,Jacksonville,2022-10-09,4402.87
2245,29,85,10715.18,369.4889655172414,18,Male,New York,2024-08-18,10715.18
2246,20,68,8386.09,419.3045,27,Female,Los Angeles,2023-06-09,8386.09
2247,25,70,8632.38,345.29519999999997,25,Male,Houston,2023-08-14,8632.38
2248,15,32,2658.6,177.23999999999998,57,Female,Los Angeles,2024-05-09,2658.6
2249,6,12,660.84,110.14,49,Male,Austin,2022-08-16,660.84
2250,19,59,8930.43,470.02263157894737,63,Male,Phoenix,2024-11-21,8930.43
2251,12,26,2200.44,183.37,40,Male,San Jose,2024-05-29,2200.44
2252,21,67,10624.3,505.9190476190476,60,Male,Dallas,2024-05-03,10624.3
2253,18,43,5355.74,297.5411111111111,51,Male,San Antonio,2024-01-09,5355.74
2254,18,58,8248.59,458.255,42,Female,Phoenix,2024-08-20,8248.59
2255,24,75,9995.35,416.47291666666666,22,Female,Houston,2022-02-03,9995.35
2256,6,14,1009.52,168.25333333333333,65,Female,Chicago,2022-08-01,1009.52
2257,24,70,8943.01,372.6254166666667,39,Male,Austin,2022-04-01,8943.01
2258,5,13,1324.32,264.864,48,Male,Chicago,2024-08-09,1324.32
2259,16,49,3746.88,234.18,47,Male,Phoenix,2022-05-10,3746.88
2260,14,32,4292.12,306.58,30,Male,Philadelphia,2023-02-17,4292.12
2261,25,76,9040.88,361.63519999999994,70,Female,Phoenix,2023-09-28,9040.88
2262,13,26,1842.82,141.7553846153846,30,Female,Philadelphia,2022-03-16,1842.82
2263,4,6,214.43,53.6075,39,Female,Los Angeles,2022-04-08,214.43
2264,18,52,7023.55,390.19722222222225,43,Female,San Antonio,2024-01-24,7023.55
2265,5,9,984.2099999999999,196.84199999999998,49,Female,Philadelphia,2023-11-26,984.21
2266,14,44,5051.58,360.82714285714286,23,Female,Los Angeles,2024-11-29,5051.58
2267,16,42,3243.15,202.696875,70,Male,Dallas,2024-05-31,3243.15
2268,34,119,15893.800000000001,467.464705882353,23,Female,Austin,2023-08-25,15893.8
2269,20,60,8100.04,405.002,56,Female,Chicago,2023-08-29,8100.04
2270,25,76,9721.29,388.8516,20,Female,San Jose,2024-06-28,9721.29
2271,19,68,7897.12,415.6378947368421,68,Male,Los Angeles,2024-06-09,7897.12
2272,16,50,6109.96,381.8725,69,Male,New York,2024-04-11,6109.96
2273,2,3,120.49000000000001,60.245000000000005,61,Female,New York,2022-10-20,120.49
2274,19,54,7091.29,373.2257894736842,67,Female,Philadelphia,2022-09-16,7091.29
2275,5,7,433.34,86.66799999999999,20,Male,Austin,2024-02-24,433.34
2276,9,22,2086.5499999999997,231.83888888888885,41,Female,Los Angeles,2024-07-10,2086.55
2277,12,40,5260.54,438.37833333333333,43,Female,Austin,2022-10-09,5260.54
2278,22,77,9292.86,422.4027272727273,25,Male,Jacksonville,2023-07-25,9292.86
2279,13,41,4952.84,380.9876923076923,42,Male,Phoenix,2023-01-17,4952.84
2280,17,42,2843.9700000000003,167.2923529411765,31,Female,Jacksonville,2023-06-18,2843.97
2281,21,60,6422.41,305.8290476190476,26,Male,San Diego,2024-10-02,6422.41
2282,6,13,1251.0,208.5,46,Male,Austin,2022-12-20,1251.0
2283,7,12,859.42,122.77428571428571,63,Male,Dallas,2023-10-17,859.42
2284,9,21,1744.04,193.78222222222223,28,Male,Philadelphia,2023-08-18,1744.04
2285,20,59,7455.94,372.79699999999997,30,Male,Houston,2024-11-07,7455.94
2286,19,54,9195.35,483.96578947368425,53,Female,San Diego,2024-10-08,9195.35
2287,9,22,1872.2,208.02222222222224,23,Male,Phoenix,2022-09-23,1872.2
2288,12,25,1359.05,113.25416666666666,64,Female,Dallas,2024-03-26,1359.05
2289,10,28,2411.15,241.115,70,Male,Chicago,2024-04-21,2411.15
2290,15,35,2656.2999999999997,177.08666666666664,46,Female,Austin,2023-10-12,2656.3
2291,30,84,11220.36,374.012,67,Male,Chicago,2024-11-25,11220.36
2292,22,66,7577.34,344.42454545454547,21,Male,Dallas,2024-06-05,7577.34
2293,25,81,11096.45,443.858,28,Female,Jacksonville,2022-11-10,11096.45
2294,15,51,5315.84,354.38933333333335,51,Female,Los Angeles,2023-04-07,5315.84
2295,12,37,4080.21,340.0175,53,Female,Chicago,2023-05-29,4080.21
2296,4,10,964.3100000000001,241.07750000000001,23,Male,San Jose,2023-09-13,964.31
2297,18,58,8345.8,463.6555555555555,57,Female,San Jose,2022-11-12,8345.8
2298,2,5,346.75,173.375,19,Male,New York,2022-03-26,346.75
2299,5,13,913.5899999999999,182.718,67,Female,San Jose,2023-06-27,913.59
2300,16,41,5164.2,322.7625,58,Female,Austin,2022-03-04,5164.2
2301,27,100,15117.93,559.9233333333333,69,Female,Phoenix,2023-09-11,15117.93
2302,27,82,7957.2,294.7111111111111,21,Male,San Diego,2024-07-17,7957.2
2303,18,58,5991.0,332.8333333333333,31,Female,San Jose,2024-05-01,5991.0
2304,24,75,10444.04,435.16833333333335,63,Female,Jacksonville,2022-10-22,10444.04
2305,5,9,712.38,142.476,26,Female,Dallas,2023-12-09,712.38
2306,32,89,13533.05,422.9078125,47,Male,Phoenix,2022-08-06,13533.05
2307,21,60,7089.35,337.58809523809526,24,Male,Phoenix,2024-07-09,7089.35
2308,7,18,1323.52,189.0742857142857,44,Male,Chicago,2024-02-26,1323.52
2309,4,7,552.85,138.2125,64,Female,Houston,2023-11-02,552.85
2310,29,93,12418.5,428.2241379310345,50,Female,San Diego,2022-11-23,12418.5
2311,16,41,4210.59,263.161875,23,Female,Dallas,2023-09-24,4210.59
2312,5,8,466.46,93.292,31,Female,New York,2024-07-25,466.46
2313,30,89,12386.48,412.88266666666664,56,Female,Phoenix,2022-04-14,12386.48
2314,6,13,965.06,160.84333333333333,45,Male,Phoenix,2022-01-17,965.06
2315,8,16,1267.1799999999998,158.39749999999998,41,Male,San Antonio,2024-01-20,1267.18
2316,27,75,8551.84,316.7348148148148,30,Female,Dallas,2022-04-15,8551.84
2317,19,56,8848.48,465.7094736842105,50,Female,Dallas,2023-08-15,8848.48
2318,3,4,253.63,84.54333333333334,57,Male,Chicago,2023-07-27,253.63
2319,23,73,11214.23,487.5752173913043,68,Female,Dallas,2022-07-18,11214.23
2320,9,16,842.9399999999999,93.66,30,Female,Dallas,2024-01-19,842.94
2321,12,39,5097.03,424.7525,26,Female,San Diego,2022-03-24,5097.03
2322,19,63,8638.51,454.6584210526316,56,Male,Philadelphia,2024-11-29,8638.51
2323,18,54,6624.28,368.0155555555555,57,Female,San Jose,2023-10-15,6624.28
2324,23,64,8895.710000000001,386.77000000000004,50,Female,Jacksonville,2023-11-20,8895.71
2325,19,53,8405.17,442.3773684210526,19,Female,Philadelphia,2023-09-06,8405.17
2326,6,10,873.73,145.62166666666667,55,Female,Jacksonville,2022-08-13,873.73
2327,16,52,6289.94,393.12125,34,Male,Jacksonville,2022-02-24,6289.94
2328,21,63,6787.32,323.2057142857143,28,Female,Chicago,2022-04-16,6787.32
2329,21,68,9712.72,462.51047619047614,62,Male,Houston,2023-05-12,9712.72
2330,19,55,7436.18,391.3778947368421,44,Male,San Antonio,2022-02-08,7436.18
2331,23,67,10659.19,463.4430434782609,67,Female,Jacksonville,2023-02-22,10659.19
2332,11,25,2030.13,184.55727272727273,51,Male,Dallas,2022-05-08,2030.13
2333,4,6,341.65999999999997,85.41499999999999,48,Female,Philadelphia,2023-10-28,341.66
2334,21,60,8205.36,390.7314285714286,52,Female,Dallas,2022-12-21,8205.36
2335,17,38,2403.7,141.3941176470588,64,Female,San Jose,2023-12-27,2403.7
2336,23,70,8182.9,355.7782608695652,33,Female,Dallas,2024-09-18,8182.9
2337,20,55,7768.09,388.4045,37,Female,Jacksonville,2023-09-04,7768.09
2338,7,15,1482.4,211.77142857142857,49,Female,San Diego,2023-03-01,1482.4
2339,13,38,5475.1,421.1615384615385,68,Female,Phoenix,2023-12-16,5475.1
2340,14,36,6139.36,438.5257142857143,52,Female,San Antonio,2022-09-07,6139.36
2341,5,11,964.9399999999999,192.988,69,Male,Phoenix,2023-12-08,964.94
2342,13,41,4833.57,371.8130769230769,63,Male,Philadelphia,2022-03-28,4833.57
2343,8,24,1611.3,201.4125,65,Female,Houston,2024-06-24,1611.3
2344,7,14,1169.8,167.1142857142857,35,Female,Chicago,2023-02-18,1169.8
2345,17,37,3177.41,186.9064705882353,55,Male,Houston,2022-08-12,3177.41
2346,16,37,3073.32,192.0825,51,Male,Austin,2022-04-14,3073.32
2347,21,64,9088.93,432.80619047619047,44,Female,Jacksonville,2023-04-22,9088.93
2348,20,62,8265.49,413.2745,67,Male,New York,2024-08-25,8265.49
2349,12,39,6429.01,535.7508333333334,48,Female,Austin,2022-11-20,6429.01
2350,12,33,2202.59,183.54916666666668,36,Female,Phoenix,2023-02-13,2202.59
2351,9,21,1361.9,151.32222222222222,23,Male,Dallas,2022-05-02,1361.9
2352,3,5,577.91,192.63666666666666,29,Female,Chicago,2022-03-18,577.91
2353,2,5,444.38,222.19,43,Female,Chicago,2022-03-16,444.38
2354,5,9,932.49,186.498,18,Female,San Jose,2023-08-16,932.49
2355,8,13,1115.44,139.43,39,Female,San Diego,2022-08-08,1115.44
2356,16,54,6547.83,409.239375,26,Female,Phoenix,2024-12-09,6547.83
2357,5,9,914.1,182.82,39,Male,Jacksonville,2023-01-30,914.1
2358,14,28,1568.7,112.05,63,Male,New York,2024-07-28,1568.7
2359,8,20,968.29,121.03625,54,Male,Chicago,2023-11-22,968.29
2360,4,9,642.3199999999999,160.57999999999998,50,Female,Los Angeles,2024-04-10,642.32
2361,9,20,1482.81,164.75666666666666,29,Male,San Diego,2024-03-31,1482.81
2362,8,12,1040.35,130.04375,18,Female,San Antonio,2023-10-25,1040.35
2363,16,50,6976.530000000001,436.03312500000004,35,Female,Phoenix,2023-04-28,6976.53
2364,11,28,4502.74,409.34,41,Male,New York,2022-01-24,4502.74
2365,18,58,5461.98,303.4433333333333,28,Female,Austin,2022-08-31,5461.98
2366,7,15,1018.06,145.43714285714285,63,Female,Jacksonville,2024-10-26,1018.06
2367,9,22,2124.9,236.10000000000002,36,Female,San Jose,2022-08-29,2124.9
2368,24,77,7761.13,323.3804166666667,26,Female,Chicago,2023-03-29,7761.13
2369,9,25,1697.45,188.60555555555555,56,Female,San Antonio,2024-07-20,1697.45
2370,4,11,851.69,212.9225,69,Male,Houston,2024-08-22,851.69
2371,25,72,8783.67,351.34680000000003,51,Female,Los Angeles,2022-06-17,8783.67
2372,19,48,7976.1,419.7947368421053,53,Male,San Jose,2022-08-18,7976.1
2373,15,44,6294.84,419.656,51,Female,Los Angeles,2022-11-03,6294.84
2374,12,29,2234.74,186.22833333333332,49,Male,Dallas,2023-02-25,2234.74
2375,4,10,465.42999999999995,116.35749999999999,47,Male,Dallas,2024-07-01,465.43
2376,23,63,6412.1,278.78695652173917,21,Female,Austin,2024-04-30,6412.1
2377,10,28,2080.73,208.073,43,Female,New York,2023-09-24,2080.73
2378,21,69,9985.43,475.49666666666667,20,Female,Philadelphia,2023-03-23,9985.43
2379,16,54,8499.14,531.19625,21,Male,San Diego,2022-05-11,8499.14
2380,24,62,6362.83,265.11791666666664,29,Male,Austin,2022-03-06,6362.83
2381,14,38,6557.2300000000005,468.37357142857144,42,Female,San Antonio,2024-05-10,6557.23
2382,19,61,8252.95,434.36578947368423,60,Male,Austin,2024-02-09,8252.95
2383,32,98,14150.12,442.19125,52,Female,Dallas,2023-12-14,14150.12
2384,8,19,1559.6200000000001,194.95250000000001,32,Male,New York,2022-09-18,1559.62
2385,16,41,6184.62,386.53875,64,Female,Dallas,2023-09-04,6184.62
2386,9,24,2064.42,229.38,33,Female,Philadelphia,2024-02-16,2064.42
2387,21,55,7181.15,341.9595238095238,64,Male,New York,2022-11-14,7181.15
2388,9,28,2306.23,256.2477777777778,19,Male,Houston,2024-05-08,2306.23
2389,17,47,5507.71,323.9829411764706,20,Female,San Jose,2022-05-18,5507.71
2390,20,55,5212.82,260.64099999999996,20,Female,San Diego,2022-04-10,5212.82
2391,24,76,10120.23,421.67625,66,Male,Chicago,2023-04-25,10120.23
2392,7,17,1195.59,170.79857142857142,32,Female,San Jose,2024-10-28,1195.59
2393,26,77,10406.98,400.2684615384615,27,Male,San Antonio,2023-10-19,10406.98
2394,26,66,9963.58,383.2146153846154,53,Male,Austin,2023-09-08,9963.58
2395,28,87,10475.95,374.1410714285715,21,Female,Austin,2024-05-24,10475.95
2396,15,36,2579.27,171.95133333333334,38,Female,San Antonio,2024-02-20,2579.27
2397,23,68,7233.9400000000005,314.51913043478265,29,Female,Houston,2022-11-02,7233.94
2398,15,46,6781.8099999999995,452.12066666666664,63,Male,San Diego,2023-04-07,6781.81
2399,21,47,6812.54,324.40666666666664,44,Male,San Antonio,2022-04-29,6812.54
2400,16,59,6485.7300000000005,405.35812500000003,39,Male,San Diego,2023-05-13,6485.73
2401,24,55,5717.7300000000005,238.23875,64,Male,New York,2024-01-30,5717.73
2402,20,56,7099.35,354.96750000000003,56,Male,Los Angeles,2023-07-04,7099.35
2403,6,11,972.4,162.06666666666666,55,Male,San Diego,2023-01-21,972.4
2404,2,3,216.13,108.065,39,Female,New York,2023-03-04,216.13
2405,6,9,897.1999999999999,149.53333333333333,65,Male,Jacksonville,2023-03-10,897.2
2406,9,14,1307.17,145.2411111111111,62,Male,San Antonio,2024-09-07,1307.17
2407,22,65,6246.86,283.9481818181818,67,Female,San Antonio,2023-05-06,6246.86
2408,17,52,7683.73,451.9841176470588,40,Female,Phoenix,2024-08-12,7683.73
2409,30,79,12195.21,406.50699999999995,49,Female,Los Angeles,2024-01-07,12195.21
2410,10,29,2542.28,254.228,38,Male,Philadelphia,2024-08-19,2542.28
2411,13,40,4531.03,348.54076923076923,54,Male,Jacksonville,2023-10-03,4531.03
2412,18,57,8194.14,455.22999999999996,53,Female,Phoenix,2022-10-26,8194.14
2413,17,50,6165.88,362.69882352941175,32,Female,San Jose,2022-11-09,6165.88
2414,19,52,4196.46,220.86631578947367,59,Female,Phoenix,2023-05-19,4196.46
2415,6,12,729.8,121.63333333333333,59,Female,San Diego,2024-09-27,729.8
2416,5,19,1896.23,379.246,40,Male,Chicago,2022-12-11,1896.23
2417,22,66,6399.71,290.8959090909091,52,Male,Dallas,2024-09-27,6399.71
2418,3,5,491.56,163.85333333333332,22,Male,New York,2022-03-11,491.56
2419,21,61,7929.29,377.5852380952381,58,Male,Los Angeles,2024-04-24,7929.29
2420,21,60,8433.04,401.5733333333334,50,Female,Philadelphia,2022-11-06,8433.04
2421,9,23,2021.38,224.5977777777778,60,Female,Austin,2022-05-04,2021.38
2422,9,30,3821.9100000000003,424.6566666666667,52,Female,New York,2024-09-26,3821.91
2423,19,68,9792.869999999999,515.4142105263157,35,Female,New York,2022-02-04,9792.87
2424,3,6,318.59,106.19666666666666,61,Female,Chicago,2024-10-25,318.59
2425,10,19,1464.81,146.481,51,Male,Houston,2022-08-08,1464.81
2426,12,31,2910.0,242.5,34,Female,Phoenix,2023-01-29,2910.0
2427,23,68,9492.460000000001,412.7156521739131,43,Female,San Jose,2024-03-23,9492.46
2428,5,12,837.0899999999999,167.41799999999998,32,Female,Austin,2023-05-14,837.09
2429,13,30,2494.08,191.85230769230768,59,Male,Los Angeles,2022-06-15,2494.08
2430,24,76,10393.470000000001,433.06125000000003,53,Female,New York,2024-04-10,10393.47
2431,6,11,901.87,150.31166666666667,23,Female,San Antonio,2022-01-20,901.87
2432,12,34,4256.76,354.73,24,Male,Houston,2023-11-10,4256.76
2433,7,17,1479.56,211.3657142857143,62,Female,Phoenix,2023-03-09,1479.56
2434,1,1,64.92,64.92,61,Female,Dallas,2022-04-06,64.92
2435,18,50,8080.4,448.9111111111111,38,Male,Houston,2022-03-09,8080.4
2436,13,34,2589.94,199.22615384615386,63,Female,Los Angeles,2022-10-23,2589.94
2437,19,58,8874.800000000001,467.0947368421053,33,Female,Austin,2023-09-05,8874.8
2438,22,77,10917.27,496.23954545454546,65,Male,Jacksonville,2023-11-11,10917.27
2439,28,78,10796.16,385.57714285714286,40,Male,Los Angeles,2022-06-10,10796.16
2440,30,99,11885.84,396.19466666666665,22,Female,San Jose,2024-06-14,11885.84
2441,8,14,1084.48,135.56,38,Male,Austin,2024-03-23,1084.48
2442,5,17,1161.85,232.36999999999998,46,Female,Houston,2023-07-14,1161.85
2443,24,76,9846.5,410.2708333333333,42,Female,Chicago,2023-12-30,9846.5
2444,22,54,6709.28,304.9672727272727,57,Female,Houston,2024-02-18,6709.28
2445,16,38,4671.37,291.960625,27,Female,Jacksonville,2022-05-31,4671.37
2446,7,21,869.97,124.28142857142858,38,Female,Los Angeles,2022-11-12,869.97
2447,22,54,8502.69,386.4859090909091,37,Female,Philadelphia,2022-07-07,8502.69
2448,24,67,8093.98,337.24916666666667,23,Male,San Antonio,2023-07-07,8093.98
2449,22,66,7558.28,343.5581818181818,50,Female,Los Angeles,2024-07-08,7558.28
2450,28,80,8586.9,306.675,53,Male,San Jose,2022-02-23,8586.9
2451,6,15,1146.04,191.00666666666666,18,Female,San Antonio,2023-10-27,1146.04
2452,8,21,1005.69,125.71125,64,Male,San Jose,2024-03-05,1005.69
2453,24,70,9061.529999999999,377.56374999999997,42,Male,Chicago,2024-12-03,9061.53
2454,19,54,8336.41,438.75842105263155,49,Male,Los Angeles,2023-07-05,8336.41
2455,15,42,4982.24,332.14933333333335,44,Female,San Diego,2022-12-09,4982.24
2456,31,103,13561.130000000001,437.45580645161294,33,Female,San Jose,2022-06-07,13561.13
2457,24,87,11759.48,489.9783333333333,26,Female,New York,2023-02-05,11759.48
2458,20,54,8352.16,417.608,57,Female,Philadelphia,2024-03-21,8352.16
2459,26,73,8468.43,325.70884615384614,70,Male,Phoenix,2024-06-20,8468.43
2460,11,29,2435.4,221.4,62,Male,San Diego,2023-10-19,2435.4
2461,26,81,11053.48,425.13384615384615,43,Female,Phoenix,2023-10-06,11053.48
2462,2,4,139.59,69.795,68,Male,Philadelphia,2024-10-02,139.59
2463,23,58,7277.15,316.3978260869565,68,Female,Philadelphia,2024-02-10,7277.15
2464,4,7,658.76,164.69,30,Male,Austin,2022-08-22,658.76
2465,6,13,1084.47,180.745,47,Male,San Diego,2022-02-25,1084.47
2466,12,29,1862.08,155.17333333333332,22,Female,Austin,2023-08-20,1862.08
2467,21,65,12279.18,584.7228571428572,37,Male,Phoenix,2024-10-19,12279.18
2468,11,30,2079.29,189.02636363636364,68,Female,Los Angeles,2022-11-12,2079.29
2469,3,9,839.46,279.82,48,Female,Dallas,2024-07-08,839.46
2470,10,19,1477.5900000000001,147.75900000000001,62,Female,Dallas,2024-11-03,1477.59
2471,10,23,1868.29,186.829,41,Male,Los Angeles,2022-03-17,1868.29
2472,13,38,2597.2400000000002,199.78769230769234,40,Male,Austin,2023-05-24,2597.24
2473,25,85,10473.07,418.9228,59,Female,Philadelphia,2022-04-01,10473.07
2474,17,61,8318.89,489.34647058823526,24,Female,Houston,2024-05-31,8318.89
2475,10,33,2183.38,218.33800000000002,53,Male,San Diego,2024-11-11,2183.38
2476,21,69,9411.12,448.1485714285715,67,Male,Philadelphia,2024-02-06,9411.12
2477,24,64,9591.26,399.6358333333333,36,Female,Los Angeles,2022-02-20,9591.26
2478,4,5,386.68,96.67,64,Male,Philadelphia,2022-08-26,386.68
2479,19,51,7546.349999999999,397.1763157894737,68,Male,Dallas,2023-10-01,7546.35
2480,14,41,4062.1600000000003,290.1542857142857,24,Female,Jacksonville,2024-09-16,4062.16
2481,30,93,12275.68,409.18933333333337,37,Male,Jacksonville,2024-07-15,12275.68
2482,21,70,9806.88,466.9942857142857,39,Male,Austin,2022-08-24,9806.88
2483,2,3,299.64,149.82,65,Male,Dallas,2022-12-03,299.64
2484,35,110,14513.97,414.68485714285714,39,Female,San Diego,2022-12-24,14513.97
2485,7,23,1946.8899999999999,278.1271428571428,58,Male,Chicago,2023-04-20,1946.89
2486,25,88,9954.19,398.1676,65,Male,San Diego,2024-06-04,9954.19
2487,16,47,5712.7,357.04375,63,Male,Houston,2024-05-29,5712.7
2488,11,26,1348.26,122.5690909090909,69,Male,San Jose,2023-07-25,1348.26
2489,11,24,1612.29,146.57181818181817,52,Male,Philadelphia,2022-07-28,1612.29
2490,19,46,6129.82,322.6221052631579,25,Female,Austin,2023-10-30,6129.82
2491,20,49,6896.47,344.8235,58,Female,San Jose,2024-09-29,6896.47
2492,8,20,1433.3899999999999,179.17374999999998,55,Male,Philadelphia,2024-03-06,1433.39
2493,4,11,917.22,229.305,57,Male,Austin,2023-12-22,917.22
2494,7,12,629.13,89.87571428571428,55,Male,Austin,2023-09-02,629.13
2495,27,83,9410.08,348.5214814814815,33,Female,Los Angeles,2022-10-02,9410.08
2496,23,85,10825.73,470.68391304347824,27,Female,San Antonio,2023-01-10,10825.73
2497,17,53,7599.49,447.02882352941174,45,Male,San Diego,2022-10-10,7599.49
2498,20,57,6820.46,341.023,49,Female,Chicago,2022-12-21,6820.46
2499,12,30,4498.44,374.86999999999995,46,Male,Philadelphia,2023-01-19,4498.44
2500,26,83,11254.91,432.88115384615384,30,Female,Dallas,2022-01-20,11254.91
2501,10,27,2148.25,214.825,44,Female,San Antonio,2024-11-01,2148.25
2502,34,101,11423.5,335.9852941176471,23,Male,Houston,2024-06-28,11423.5
2503,17,47,6556.06,385.65058823529415,32,Female,Chicago,2023-08-22,6556.06
2504,15,37,6580.81,438.7206666666667,67,Female,Dallas,2024-07-25,6580.81
2505,22,71,8415.85,382.5386363636364,25,Female,Dallas,2024-11-12,8415.85
2506,25,63,7767.110000000001,310.68440000000004,66,Male,Jacksonville,2024-01-22,7767.11
2507,25,78,10522.57,420.9028,45,Male,Jacksonville,2024-06-22,10522.57
2508,22,67,9280.69,421.8495454545455,20,Female,Phoenix,2023-05-22,9280.69
2509,2,6,565.26,282.63,23,Female,Los Angeles,2023-12-15,565.26
2510,21,64,6951.76,331.0361904761905,65,Female,Jacksonville,2023-05-01,6951.76
2511,19,52,6035.83,317.67526315789473,26,Male,Houston,2024-05-26,6035.83
2512,37,106,14991.68,405.18054054054056,52,Female,San Jose,2022-05-02,14991.68
2513,15,54,7942.389999999999,529.4926666666667,63,Female,Phoenix,2022-12-11,7942.39
2514,9,18,1695.3,188.36666666666667,50,Male,Chicago,2023-07-02,1695.3
2515,5,11,807.3,161.45999999999998,35,Male,Jacksonville,2024-04-22,807.3
2516,17,56,7281.18,428.30470588235295,63,Female,Houston,2022-09-29,7281.18
2517,26,72,10252.94,394.3438461538462,54,Female,Austin,2024-03-15,10252.94
2518,29,92,11999.86,413.788275862069,22,Male,San Antonio,2024-04-28,11999.86
2519,2,7,652.91,326.455,62,Female,San Diego,2024-11-21,652.91
2520,11,46,4188.21,380.74636363636364,18,Male,Jacksonville,2024-09-26,4188.21
2521,18,52,4413.87,245.215,62,Female,Los Angeles,2024-07-27,4413.87
2522,14,41,5346.5199999999995,381.8942857142857,45,Male,San Diego,2024-12-30,5346.52
2523,17,48,8492.05,499.53235294117644,36,Female,Dallas,2023-07-04,8492.05
2524,27,76,9350.07,346.2988888888889,49,Female,Austin,2022-09-25,9350.07
2525,24,73,9354.72,389.78,58,Female,New York,2022-04-10,9354.72
2526,12,22,1404.99,117.0825,28,Female,San Diego,2022-09-12,1404.99
2527,5,10,871.6199999999999,174.32399999999998,45,Male,Jacksonville,2022-01-02,871.62
2528,6,11,895.05,149.17499999999998,37,Male,Phoenix,2022-09-28,895.05
2529,10,31,1608.31,160.831,34,Male,Philadelphia,2022-07-11,1608.31
2530,19,56,7598.85,399.93947368421055,58,Female,Jacksonville,2022-12-05,7598.85
2531,33,80,11340.33,343.6463636363636,23,Male,New York,2023-04-25,11340.33
2532,12,33,4229.5199999999995,352.46,26,Male,Dallas,2023-03-14,4229.52
2533,18,55,9237.15,513.175,62,Female,Los Angeles,2024-06-30,9237.15
2534,3,7,262.63,87.54333333333334,48,Male,Houston,2024-05-14,262.63
2535,12,37,4247.18,353.9316666666667,69,Male,Los Angeles,2024-02-24,4247.18
2536,20,68,8793.31,439.66549999999995,37,Male,San Antonio,2023-10-04,8793.31
2537,7,22,1843.98,263.42571428571426,61,Male,Los Angeles,2022-09-30,1843.98
2538,21,60,7837.96,373.2361904761905,57,Male,San Diego,2024-12-22,7837.96
2539,10,23,1468.64,146.864,58,Male,San Antonio,2023-12-21,1468.64
2540,7,14,1114.35,159.19285714285712,23,Male,Chicago,2024-06-25,1114.35
2541,18,51,5790.68,321.70444444444445,42,Female,San Antonio,2022-09-10,5790.68
2542,20,63,4652.05,232.60250000000002,33,Female,Austin,2023-10-07,4652.05
2543,18,65,7839.57,435.53166666666664,56,Female,Jacksonville,2022-06-22,7839.57
2544,13,28,2696.71,207.43923076923076,60,Female,Houston,2022-02-24,2696.71
2545,7,21,2003.8200000000002,286.26000000000005,30,Female,Phoenix,2024-11-26,2003.82
2546,4,10,592.9,148.225,68,Male,San Diego,2022-04-22,592.9
2547,26,79,10043.41,386.28499999999997,49,Male,Dallas,2024-03-01,10043.41
2548,2,4,414.96999999999997,207.48499999999999,38,Male,San Antonio,2022-01-25,414.97
2549,15,43,4869.139999999999,324.60933333333327,61,Male,San Diego,2024-05-11,4869.14
2550,19,57,6197.34,326.17578947368423,22,Male,Phoenix,2022-05-30,6197.34
2551,27,72,11130.15,412.22777777777776,21,Female,Dallas,2023-03-18,11130.15
2552,11,24,1747.22,158.83818181818182,50,Female,San Antonio,2023-08-10,1747.22
2553,27,79,9775.55,362.05740740740737,52,Male,Phoenix,2024-04-03,9775.55
2554,20,54,8270.12,413.50600000000003,50,Male,Chicago,2022-06-21,8270.12
2555,28,94,13464.12,480.8614285714286,58,Male,Phoenix,2023-11-01,13464.12
2556,9,23,2080.53,231.17000000000002,33,Male,Houston,2024-06-14,2080.53
2557,4,8,696.3199999999999,174.07999999999998,25,Female,San Jose,2022-06-26,696.32
2558,22,57,6214.429999999999,282.4740909090909,65,Male,Los Angeles,2022-04-23,6214.43
2559,7,19,1423.1399999999999,203.30571428571426,62,Male,Chicago,2022-01-26,1423.14
2560,4,8,564.3900000000001,141.09750000000003,51,Female,Chicago,2024-10-13,564.39
2561,21,67,8611.2,410.0571428571429,67,Female,Jacksonville,2024-02-01,8611.2
2562,14,35,2984.46,213.1757142857143,19,Female,San Antonio,2022-08-30,2984.46
2563,15,41,6481.21,432.0806666666667,34,Male,San Diego,2023-07-12,6481.21
2564,16,41,5647.22,352.95125,21,Female,San Jose,2024-07-21,5647.22
2565,35,98,14034.039999999999,400.9725714285714,34,Male,San Jose,2022-12-08,14034.04
2566,36,100,13101.7,363.93611111111113,50,Male,New York,2022-08-25,13101.7
2567,14,40,5354.13,382.4378571428571,48,Female,San Antonio,2022-01-26,5354.13
2568,19,57,6390.0,336.3157894736842,20,Female,Houston,2022-11-04,6390.0
2569,30,91,13235.57,441.18566666666663,64,Female,Phoenix,2023-10-22,13235.57
2570,28,88,10685.35,381.6196428571429,25,Male,Chicago,2022-06-09,10685.35
2571,6,11,1115.81,185.96833333333333,20,Female,Los Angeles,2023-04-03,1115.81
2572,8,14,1132.45,141.55625,67,Female,Philadelphia,2024-08-10,1132.45
2573,28,85,9579.63,342.1296428571428,18,Female,Houston,2022-06-26,9579.63
2574,22,59,7327.589999999999,333.0722727272727,37,Male,San Diego,2023-08-21,7327.59
2575,22,64,8208.27,373.10318181818184,49,Male,Jacksonville,2024-01-25,8208.27
2576,27,83,11414.29,422.7514814814815,44,Male,Houston,2023-05-18,11414.29
2577,11,24,2232.31,202.93727272727273,62,Male,Philadelphia,2023-12-11,2232.31
2578,12,33,2771.24,230.93666666666664,42,Female,Los Angeles,2022-01-03,2771.24
2579,14,43,3906.01,279.0007142857143,33,Female,San Diego,2023-02-25,3906.01
2580,3,8,667.14,222.38,27,Female,Los Angeles,2022-05-03,667.14
2581,3,6,479.86,159.95333333333335,51,Female,Jacksonville,2022-03-31,479.86
2582,27,79,10775.14,399.07925925925923,65,Male,San Jose,2024-02-02,10775.14
2583,12,34,4063.32,338.61,58,Female,Los Angeles,2022-07-15,4063.32
2584,14,41,6349.76,453.55428571428575,26,Male,Phoenix,2022-05-08,6349.76
2585,8,13,737.25,92.15625,69,Female,Jacksonville,2023-06-19,737.25
2586,14,36,3546.5,253.32142857142858,35,Male,Los Angeles,2023-10-31,3546.5
2587,29,83,11989.64,413.4358620689655,67,Male,Chicago,2023-02-20,11989.64
2588,18,64,8529.88,473.8822222222222,47,Female,San Antonio,2022-08-05,8529.88
2589,32,106,16410.03,512.8134375,67,Male,San Diego,2022-09-05,16410.03
2590,21,70,7931.05,377.6690476190476,25,Male,Chicago,2023-09-24,7931.05
2591,3,6,499.5400000000001,166.51333333333335,62,Male,Houston,2023-09-16,499.54
2592,17,60,8375.76,492.69176470588235,63,Male,Philadelphia,2023-11-03,8375.76
2593,27,70,10381.95,384.5166666666667,61,Female,Phoenix,2024-03-22,10381.95
2594,30,97,13346.18,444.8726666666667,43,Female,Dallas,2022-12-23,13346.18
2595,29,87,11439.18,394.4544827586207,24,Male,Los Angeles,2023-05-27,11439.18
2596,19,59,6135.87,322.94052631578944,67,Male,Chicago,2022-01-25,6135.87
2597,2,5,543.58,271.79,41,Male,San Jose,2023-02-10,543.58
2598,9,14,768.29,85.36555555555555,22,Male,Los Angeles,2023-06-15,768.29
2599,6,15,1231.83,205.30499999999998,46,Male,Los Angeles,2023-02-09,1231.83
2600,21,57,7901.5,376.26190476190476,47,Male,Chicago,2023-11-11,7901.5
2601,1,2,27.08,27.08,43,Female,New York,2024-06-06,27.08
2602,16,36,2660.54,166.28375,29,Female,Houston,2024-02-23,2660.54
2603,29,83,9401.960000000001,324.20551724137937,46,Male,New York,2023-01-19,9401.96
2604,16,42,3439.48,214.9675,49,Female,Dallas,2023-05-19,3439.48
2605,22,55,6322.87,287.4031818181818,35,Female,Chicago,2024-09-08,6322.87
2606,27,79,10679.2,395.52592592592595,69,Male,Austin,2024-05-08,10679.2
2607,7,13,975.53,139.36142857142858,68,Female,San Diego,2022-02-09,975.53
2608,20,61,10341.05,517.0525,54,Female,San Antonio,2024-09-19,10341.05
2609,25,70,9964.67,398.5868,38,Male,New York,2023-07-08,9964.67
2610,19,50,8007.42,421.4431578947368,48,Female,San Jose,2023-07-30,8007.42
2611,5,12,597.27,119.454,24,Male,Austin,2023-04-22,597.27
2612,17,41,5473.47,321.9688235294118,70,Male,Houston,2023-05-09,5473.47
2613,30,93,12786.0,426.2,29,Male,Houston,2024-03-06,12786.0
2614,2,4,305.1,152.55,62,Female,San Jose,2023-10-14,305.1
2615,7,16,1483.22,211.88857142857142,40,Male,San Jose,2022-02-27,1483.22
2616,3,4,231.1,77.03333333333333,69,Female,Dallas,2023-01-21,231.1
2617,22,76,7976.68,362.5763636363636,20,Male,New York,2023-09-25,7976.68
2618,8,25,1866.47,233.30875,19,Female,New York,2023-04-22,1866.47
2619,4,10,596.1500000000001,149.03750000000002,30,Male,Philadelphia,2023-11-11,596.15
2620,5,10,663.19,132.638,38,Male,New York,2022-12-30,663.19
2621,22,69,8847.03,402.1377272727273,27,Male,Dallas,2022-10-30,8847.03
2622,3,7,483.92999999999995,161.30999999999997,41,Female,San Jose,2024-01-18,483.93
2623,27,77,10063.14,372.70888888888885,38,Male,Chicago,2022-07-26,10063.14
2624,7,16,1793.3,256.18571428571425,49,Female,Chicago,2024-06-13,1793.3
2625,18,64,8813.49,489.6383333333333,55,Male,San Antonio,2024-01-01,8813.49
2626,6,14,747.44,124.57333333333334,36,Male,Chicago,2023-09-21,747.44
2627,5,7,408.25,81.65,54,Female,San Jose,2022-01-04,408.25
2628,28,77,12267.09,438.11035714285714,38,Male,Austin,2022-03-08,12267.09
2629,4,9,555.8299999999999,138.95749999999998,27,Female,Jacksonville,2022-08-02,555.83
2630,10,28,3968.41,396.841,38,Male,Austin,2022-06-09,3968.41
2631,6,13,969.9000000000001,161.65,60,Female,San Diego,2022-07-01,969.9
2632,18,56,7288.91,404.93944444444446,33,Male,Philadelphia,2022-01-24,7288.91
2633,7,18,2063.86,294.83714285714285,64,Male,New York,2023-06-10,2063.86
2634,9,24,2984.73,331.63666666666666,44,Male,San Antonio,2024-03-01,2984.73
2635,2,4,272.55,136.275,40,Female,Los Angeles,2024-10-06,272.55
2636,17,47,4157.48,244.5576470588235,54,Male,Chicago,2024-09-08,4157.48
2637,21,69,8396.75,399.8452380952381,20,Female,New York,2024-07-13,8396.75
2638,22,67,10733.42,487.88272727272727,24,Male,Philadelphia,2023-10-15,10733.42
2639,8,17,1442.13,180.26625,28,Male,Dallas,2022-12-15,1442.13
2640,24,71,7930.68,330.445,57,Female,Jacksonville,2022-07-10,7930.68
2641,21,57,6840.57,325.74142857142857,59,Male,San Jose,2022-03-05,6840.57
2642,15,52,5390.81,359.38733333333334,24,Female,Houston,2024-06-08,5390.81
2643,23,63,8018.39,348.62565217391307,53,Female,Austin,2023-01-25,8018.39
2644,13,37,4947.41,380.57,24,Male,San Antonio,2023-07-31,4947.41
2645,22,72,11447.51,520.3413636363637,41,Male,San Antonio,2024-10-02,11447.51
2646,20,59,7003.049999999999,350.1525,60,Female,Houston,2022-06-29,7003.05
2647,11,43,5990.76,544.6145454545455,28,Female,Los Angeles,2022-07-18,5990.76
2648,6,10,799.4000000000001,133.23333333333335,37,Female,San Diego,2024-08-27,799.4
2649,13,27,1872.18,144.01384615384615,34,Male,Austin,2024-09-28,1872.18
2650,27,82,10520.02,389.6303703703704,42,Female,Chicago,2024-03-04,10520.02
2651,26,76,10393.82,399.7623076923077,46,Female,Phoenix,2024-07-01,10393.82
2652,5,9,540.37,108.074,54,Male,Chicago,2023-04-09,540.37
2653,25,79,11825.14,473.00559999999996,40,Female,San Jose,2022-07-18,11825.14
2654,24,63,8759.2,364.9666666666667,42,Female,Dallas,2023-04-11,8759.2
2655,21,65,8942.02,425.8104761904762,33,Female,Phoenix,2024-08-30,8942.02
2656,28,78,10023.53,357.9832142857143,63,Male,Dallas,2022-06-11,10023.53
2657,3,9,527.25,175.75,61,Male,Los Angeles,2024-11-24,527.25
2658,21,74,9148.64,435.64952380952377,28,Male,Houston,2024-07-08,9148.64
2659,18,56,5670.41,315.0227777777778,23,Female,Houston,2022-09-16,5670.41
2660,13,23,1349.43,103.80230769230769,34,Female,Jacksonville,2022-10-30,1349.43
2661,21,60,8032.36,382.49333333333334,53,Female,Dallas,2022-05-18,8032.36
2662,3,5,518.67,172.89,51,Female,New York,2023-10-30,518.67
2663,10,26,1809.1699999999998,180.91699999999997,25,Female,Chicago,2024-12-06,1809.17
2664,24,56,7176.69,299.02875,55,Male,Los Angeles,2022-10-31,7176.69
2665,12,30,2569.64,214.13666666666666,52,Female,San Antonio,2022-07-26,2569.64
2666,28,97,11661.64,416.4871428571428,49,Female,New York,2023-06-25,11661.64
2667,16,50,5078.13,317.383125,27,Female,New York,2022-12-19,5078.13
2668,2,4,226.64000000000001,113.32000000000001,39,Male,New York,2024-03-21,226.64
2669,8,18,1398.29,174.78625,41,Male,Philadelphia,2024-08-31,1398.29
2670,22,69,7429.469999999999,337.7031818181818,49,Male,Houston,2023-09-13,7429.47
2671,28,76,10451.65,373.2732142857143,65,Female,Philadelphia,2022-10-03,10451.65
2672,8,17,1141.4,142.675,56,Male,Houston,2023-07-06,1141.4
2673,24,62,7263.21,302.63375,70,Female,Jacksonville,2024-06-23,7263.21
2674,9,19,1750.49,194.4988888888889,41,Male,Dallas,2024-09-19,1750.49
2675,19,66,9259.59,487.3468421052632,63,Female,Chicago,2022-11-22,9259.59
2676,3,7,829.8500000000001,276.61666666666673,19,Male,Houston,2024-12-09,829.85
2677,3,6,464.5,154.83333333333334,33,Male,San Diego,2023-02-16,464.5
2678,3,5,418.39,139.46333333333334,63,Male,Phoenix,2022-04-14,418.39
2679,1,1,58.92,58.92,50,Female,Austin,2024-01-25,58.92
2680,18,38,2699.86,149.99222222222224,33,Female,San Diego,2022-09-11,2699.86
2681,19,46,6214.29,327.0678947368421,48,Female,Philadelphia,2024-07-02,6214.29
2682,6,14,1159.8700000000001,193.3116666666667,34,Male,Phoenix,2022-12-01,1159.87
2683,21,71,8083.26,384.9171428571429,28,Male,Houston,2022-02-26,8083.26
2684,8,18,1340.25,167.53125,35,Female,Dallas,2023-04-07,1340.25
2685,3,7,475.76,158.58666666666667,67,Male,San Diego,2022-02-11,475.76
2686,7,21,2061.31,294.47285714285715,56,Male,Houston,2022-09-28,2061.31
2687,7,16,1566.3400000000001,223.76285714285717,37,Female,San Antonio,2023-06-01,1566.34
2688,5,8,453.37,90.674,47,Female,Houston,2024-02-11,453.37
2689,23,76,10913.52,474.5008695652174,51,Female,San Jose,2024-08-13,10913.52
2690,25,75,10685.99,427.4396,60,Female,Dallas,2022-07-29,10685.99
2691,23,78,7643.04,332.3060869565217,24,Female,Los Angeles,2023-08-02,7643.04
2692,7,17,1155.35,165.04999999999998,58,Female,Phoenix,2023-11-20,1155.35
2693,12,28,2386.31,198.85916666666665,59,Female,Houston,2023-06-19,2386.31
2694,27,96,11208.99,415.1477777777778,33,Male,San Jose,2022-11-04,11208.99
2695,10,29,2262.7999999999997,226.27999999999997,61,Male,Jacksonville,2024-04-07,2262.8
2696,11,24,1683.15,153.01363636363638,36,Female,San Antonio,2022-02-22,1683.15
2697,15,41,6136.12,409.07466666666664,20,Male,Philadelphia,2024-04-08,6136.12
2698,10,23,1864.0600000000002,186.406,58,Female,Austin,2023-04-01,1864.06
2699,21,60,8478.75,403.75,28,Male,Phoenix,2024-01-05,8478.75
2700,22,73,9918.31,450.8322727272727,65,Female,Jacksonville,2022-07-19,9918.31
2701,5,11,635.76,127.152,39,Male,Houston,2023-01-10,635.76
2702,33,110,16215.0,491.3636363636364,37,Female,Philadelphia,2023-12-29,16215.0
2703,16,51,7481.65,467.603125,36,Female,Los Angeles,2024-02-01,7481.65
2704,23,77,8648.25,376.0108695652174,58,Male,San Diego,2024-08-21,8648.25
2705,21,64,9279.42,441.87714285714287,61,Female,Dallas,2023-02-03,9279.42
2706,13,36,3995.0,307.3076923076923,27,Male,Houston,2023-09-04,3995.0
2707,28,76,10895.29,389.1175,54,Female,Chicago,2023-12-03,10895.29
2708,3,8,603.8,201.26666666666665,29,Male,San Diego,2023-10-10,603.8
2709,8,23,1840.08,230.01,29,Female,Austin,2023-11-13,1840.08
2710,27,87,10028.81,371.43740740740736,35,Male,Chicago,2022-04-29,10028.81
2711,17,57,8119.99,477.6464705882353,66,Male,Chicago,2022-11-21,8119.99
2712,11,29,2272.03,206.54818181818183,43,Female,San Diego,2024-06-07,2272.03
2713,19,50,6099.01,321.0005263157895,52,Male,Jacksonville,2024-02-25,6099.01
2714,5,11,952.9300000000001,190.586,38,Male,New York,2024-02-04,952.93
2715,8,24,1838.12,229.765,33,Male,Jacksonville,2022-01-09,1838.12
2716,22,51,8109.84,368.6290909090909,24,Female,Dallas,2023-12-07,8109.84
2717,20,50,8151.03,407.5515,70,Male,Phoenix,2023-09-19,8151.03
2718,26,78,9964.81,383.26192307692304,51,Female,San Antonio,2023-08-19,9964.81
2719,22,58,9774.86,444.3118181818182,49,Female,Houston,2022-10-02,9774.86
2720,12,23,1800.09,150.0075,69,Female,New York,2022-12-04,1800.09
2721,33,95,12411.21,376.0972727272727,26,Male,Jacksonville,2023-04-13,12411.21
2722,24,69,9234.93,384.78875,28,Male,Philadelphia,2022-02-14,9234.93
2723,24,70,6108.73,254.53041666666664,58,Female,Dallas,2022-03-18,6108.73
2724,18,54,6477.06,359.8366666666667,21,Male,Austin,2022-04-10,6477.06
2725,22,76,8999.380000000001,409.06272727272733,25,Female,San Diego,2022-02-10,8999.38
2726,17,53,8118.39,477.5523529411765,34,Female,Jacksonville,2024-02-18,8118.39
2727,19,51,5048.66,265.718947368421,61,Male,Phoenix,2022-11-10,5048.66
2728,5,16,1145.49,229.098,60,Female,San Jose,2024-05-11,1145.49
2729,32,102,14069.71,439.6784375,24,Male,Phoenix,2022-10-08,14069.71
2730,11,28,1913.56,173.96,49,Male,San Jose,2022-08-22,1913.56
2731,21,64,5287.26,251.77428571428572,51,Male,Philadelphia,2023-02-14,5287.26
2732,27,85,11422.39,423.05148148148146,20,Female,Houston,2024-04-19,11422.39
2733,17,55,6075.99,357.4111764705882,18,Male,Austin,2024-09-11,6075.99
2734,9,16,1201.45,133.49444444444444,54,Female,Chicago,2022-07-02,1201.45
2735,7,11,770.09,110.01285714285714,22,Male,Phoenix,2022-07-04,770.09
2736,21,56,9030.64,430.0304761904762,36,Female,San Diego,2023-04-19,9030.64
2737,26,82,10155.51,390.59653846153844,29,Male,Phoenix,2022-04-13,10155.51
2738,9,19,1724.26,191.58444444444444,38,Female,Jacksonville,2024-01-08,1724.26
2739,14,31,4700.01,335.71500000000003,66,Male,New York,2022-08-26,4700.01
2740,11,26,2111.7,191.97272727272727,28,Female,Philadelphia,2022-10-11,2111.7
2741,5,12,1115.62,223.12399999999997,35,Male,Philadelphia,2024-06-15,1115.62
2742,11,27,4457.0199999999995,405.1836363636363,43,Female,San Diego,2023-12-03,4457.02
2743,4,8,536.8299999999999,134.20749999999998,62,Female,San Antonio,2023-07-11,536.83
2744,31,94,11779.73,379.99129032258065,62,Male,Chicago,2022-12-08,11779.73
2745,13,34,4971.45,382.41923076923075,55,Female,San Jose,2022-08-01,4971.45
2746,20,64,7226.01,361.3005,42,Female,San Jose,2024-06-16,7226.01
2747,3,8,392.07,130.69,64,Male,San Diego,2022-03-01,392.07
2748,32,86,13820.46,431.889375,44,Female,New York,2024-09-26,13820.46
2749,12,44,5167.59,430.6325,38,Male,Jacksonville,2022-05-10,5167.59
2750,7,11,906.4,129.4857142857143,54,Male,Austin,2024-12-10,906.4
2751,17,56,8218.42,483.4364705882353,62,Male,San Antonio,2023-11-24,8218.42
2752,34,111,13215.03,388.6773529411765,60,Female,Chicago,2023-05-25,13215.03
2753,20,74,10242.26,512.113,28,Female,San Diego,2022-04-22,10242.26
2754,31,93,11294.65,364.34354838709675,49,Female,Houston,2022-12-05,11294.65
2755,4,6,576.03,144.0075,21,Male,Dallas,2023-11-09,576.03
2756,9,32,4388.12,487.56888888888886,33,Male,San Diego,2024-02-15,4388.12
2757,7,13,1361.7199999999998,194.53142857142853,46,Male,San Diego,2024-06-28,1361.72
2758,20,63,9169.04,458.45200000000006,49,Male,Los Angeles,2024-07-04,9169.04
2759,19,61,7926.24,417.17052631578946,53,Male,Los Angeles,2024-04-06,7926.24
2760,2,3,175.69,87.845,53,Male,Austin,2023-09-16,175.69
2761,4,11,815.27,203.8175,41,Male,Houston,2024-07-23,815.27
2762,22,66,7904.97,359.3168181818182,67,Female,Jacksonville,2024-07-19,7904.97
2763,5,12,1233.83,246.766,25,Male,Austin,2024-01-15,1233.83
2764,19,59,7397.67,389.35105263157897,40,Female,Dallas,2023-03-31,7397.67
2765,17,51,6047.66,355.74470588235295,24,Male,Chicago,2024-12-05,6047.66
2766,24,63,8207.66,341.98583333333335,63,Female,Los Angeles,2024-10-05,8207.66
2767,5,11,532.09,106.418,30,Male,San Antonio,2023-06-05,532.09
2768,19,61,9016.64,474.55999999999995,68,Male,Jacksonville,2023-03-18,9016.64
2769,20,55,7289.63,364.4815,44,Male,Austin,2023-11-24,7289.63
2770,8,20,1810.79,226.34875,46,Female,Austin,2022-09-10,1810.79
2771,13,40,5241.6900000000005,403.2069230769231,49,Male,Dallas,2024-10-29,5241.69
2772,20,55,6154.03,307.7015,45,Female,Dallas,2022-04-10,6154.03
2773,8,26,1713.86,214.2325,29,Male,Los Angeles,2022-12-29,1713.86
2774,6,11,1195.56,199.26,56,Female,Dallas,2024-03-04,1195.56
2775,15,52,5058.47,337.23133333333334,56,Male,Phoenix,2024-02-27,5058.47
2776,3,5,300.09,100.02999999999999,36,Female,Chicago,2024-03-25,300.09
2777,17,43,5242.97,308.41,62,Female,Jacksonville,2022-10-10,5242.97
2778,15,41,2833.93,188.92866666666666,53,Male,Houston,2023-10-05,2833.93
2779,14,37,3349.18,239.22714285714284,36,Female,Austin,2023-03-06,3349.18
2780,6,11,696.75,116.125,59,Male,Dallas,2022-09-29,696.75
2781,6,13,1040.82,173.47,66,Female,Dallas,2023-10-23,1040.82
2782,29,93,12929.61,445.8486206896552,60,Female,Austin,2024-09-10,12929.61
2783,20,50,4944.23,247.21149999999997,45,Male,Dallas,2024-12-29,4944.23
2784,32,91,10726.67,335.2084375,27,Male,Austin,2022-08-07,10726.67
2785,29,98,12643.08,435.96827586206894,66,Male,Phoenix,2022-04-26,12643.08
2786,25,56,6147.85,245.91400000000002,21,Female,Houston,2023-05-29,6147.85
2787,22,59,8012.1,364.18636363636364,46,Male,San Jose,2022-03-08,8012.1
2788,6,20,1257.0,209.5,53,Female,Houston,2023-04-05,1257.0
2789,6,18,1387.18,231.1966666666667,69,Female,Jacksonville,2024-11-12,1387.18
2790,8,21,1586.2199999999998,198.27749999999997,42,Female,Austin,2022-04-07,1586.22
2791,5,10,797.9,159.57999999999998,21,Male,Jacksonville,2023-10-03,797.9
2792,19,63,10186.41,536.1268421052631,67,Female,Houston,2023-05-30,10186.41
2793,3,4,439.7,146.56666666666666,52,Male,Jacksonville,2024-01-24,439.7
2794,18,59,7263.469999999999,403.52611111111105,29,Male,Chicago,2023-02-01,7263.47
2795,9,20,1455.0,161.66666666666666,25,Female,New York,2022-12-22,1455.0
2796,17,47,7680.79,451.81117647058824,34,Male,Chicago,2024-05-27,7680.79
2797,17,51,5695.76,335.04470588235296,47,Male,New York,2023-06-07,5695.76
2798,3,4,324.95,108.31666666666666,56,Male,Austin,2022-11-11,324.95
2799,19,57,6481.68,341.141052631579,54,Female,Los Angeles,2023-09-09,6481.68
2800,28,72,9280.98,331.4635714285714,29,Male,Dallas,2023-10-13,9280.98
2801,37,113,15846.6,428.2864864864865,52,Female,Los Angeles,2022-11-23,15846.6
2802,26,86,12026.56,462.56,31,Female,Philadelphia,2023-12-17,12026.56
2803,30,93,13015.720000000001,433.8573333333334,66,Female,Dallas,2024-01-09,13015.72
2804,19,53,7143.79,375.98894736842107,40,Female,Houston,2022-01-19,7143.79
2805,3,7,707.3699999999999,235.78999999999996,61,Female,San Antonio,2023-05-15,707.37
2806,17,56,7044.47,414.3805882352941,52,Female,New York,2022-08-21,7044.47
2807,4,11,1038.06,259.515,41,Female,San Diego,2024-11-24,1038.06
2808,13,46,6876.89,528.9915384615385,59,Male,Philadelphia,2022-03-31,6876.89
2809,25,92,9073.36,362.93440000000004,24,Male,Dallas,2024-11-18,9073.36
2810,23,88,9489.03,412.56652173913045,22,Male,Austin,2024-12-28,9489.03
2811,7,10,910.55,130.07857142857142,45,Male,Houston,2023-03-13,910.55
2812,8,21,1516.34,189.5425,22,Male,New York,2024-06-10,1516.34
2813,9,20,1740.94,193.4377777777778,20,Male,Los Angeles,2024-07-29,1740.94
2814,26,84,12090.5,465.0192307692308,34,Male,San Jose,2022-04-22,12090.5
2815,3,6,480.74,160.24666666666667,44,Female,San Diego,2023-04-12,480.74
2816,16,54,6395.71,399.731875,19,Female,Austin,2024-04-08,6395.71
2817,16,49,6475.75,404.734375,59,Male,Jacksonville,2022-08-31,6475.75
2818,14,32,2245.65,160.40357142857144,22,Female,Dallas,2022-04-04,2245.65
2819,18,50,7925.64,440.31333333333333,61,Female,San Jose,2022-08-06,7925.64
2820,28,81,12538.8,447.8142857142857,46,Female,San Antonio,2022-06-27,12538.8
2821,19,52,7690.8,404.7789473684211,52,Male,Chicago,2022-03-05,7690.8
2822,13,36,1947.07,149.77461538461537,52,Female,Austin,2024-03-11,1947.07
2823,17,53,7744.6900000000005,455.57000000000005,68,Female,New York,2022-10-23,7744.69
2824,30,86,12815.61,427.187,18,Female,Dallas,2022-10-17,12815.61
2825,24,79,12789.12,532.88,65,Female,Houston,2022-06-24,12789.12
2826,5,9,915.9,183.18,50,Male,Chicago,2024-04-25,915.9
2827,30,89,15579.02,519.3006666666666,34,Male,Los Angeles,2023-01-12,15579.02
2828,9,22,1858.9,206.54444444444445,54,Male,Dallas,2023-01-07,1858.9
2829,5,12,1085.11,217.022,22,Female,Austin,2024-08-02,1085.11
2830,21,69,9989.26,475.67904761904765,30,Female,Philadelphia,2022-05-18,9989.26
2831,15,43,6186.17,412.41133333333335,59,Male,Los Angeles,2024-01-02,6186.17
2832,9,20,1404.97,156.10777777777778,30,Female,San Diego,2023-08-07,1404.97
2833,14,47,5520.82,394.3442857142857,60,Female,Jacksonville,2024-07-11,5520.82
2834,27,76,11465.71,424.6559259259259,41,Female,San Antonio,2022-11-09,11465.71
2835,28,80,9887.36,353.12,33,Male,Jacksonville,2022-12-12,9887.36
2836,22,80,9168.05,416.7295454545454,41,Male,Austin,2024-06-12,9168.05
2837,2,5,573.51,286.755,47,Female,Philadelphia,2023-11-11,573.51
2838,29,87,9468.15,326.48793103448276,24,Male,Austin,2023-09-18,9468.15
2839,8,16,1376.56,172.07,70,Male,Dallas,2022-06-17,1376.56
2840,25,87,10188.45,407.538,58,Male,Jacksonville,2023-02-07,10188.45
2841,2,3,220.75,110.375,50,Male,San Jose,2022-06-04,220.75
2842,14,41,2750.49,196.4635714285714,31,Male,Dallas,2024-04-09,2750.49
2843,23,70,9264.77,402.81608695652176,52,Female,Austin,2023-06-18,9264.77
2844,23,52,6769.09,294.30826086956523,32,Female,Chicago,2022-11-01,6769.09
2845,24,73,7906.82,329.4508333333333,23,Female,Philadelphia,2024-08-09,7906.82
2846,27,82,12323.08,456.41037037037034,33,Male,Dallas,2024-10-25,12323.08
2847,17,54,5475.31,322.07705882352946,29,Male,Jacksonville,2022-10-15,5475.31
2848,5,7,416.84000000000003,83.36800000000001,20,Male,San Diego,2024-09-17,416.84
2849,11,31,3832.21,348.38272727272727,41,Male,New York,2023-04-20,3832.21
2850,22,62,8208.83,373.12863636363636,68,Female,San Antonio,2023-02-28,8208.83
2851,5,12,532.94,106.58800000000001,20,Male,Austin,2024-08-19,532.94
2852,32,99,13285.66,415.176875,51,Female,Jacksonville,2023-10-26,13285.66
2853,17,42,5877.24,345.71999999999997,54,Male,San Antonio,2023-06-24,5877.24
2854,15,46,5052.31,336.8206666666667,59,Male,Dallas,2024-02-15,5052.31
2855,17,53,5959.63,350.5664705882353,32,Female,Philadelphia,2023-05-31,5959.63
2856,24,72,8567.67,356.98625,48,Male,Dallas,2023-12-08,8567.67
2857,17,52,6443.3,379.0176470588235,32,Male,Dallas,2022-10-12,6443.3
2858,20,72,8338.36,416.918,29,Male,Philadelphia,2023-07-30,8338.36
2859,12,32,2384.82,198.735,44,Female,Jacksonville,2022-08-31,2384.82
2860,21,58,9467.3,450.8238095238095,48,Female,Houston,2022-08-21,9467.3
2861,13,32,2550.68,196.20615384615382,44,Male,Houston,2022-11-27,2550.68
2862,17,49,8668.74,509.9258823529412,55,Male,Chicago,2022-03-30,8668.74
2863,14,39,6016.36,429.73999999999995,54,Male,New York,2024-11-15,6016.36
2864,27,91,11438.59,423.6514814814815,29,Female,San Jose,2022-12-07,11438.59
2865,5,8,731.08,146.216,64,Female,Los Angeles,2022-02-08,731.08
2866,18,47,7001.18,388.95444444444445,48,Female,Chicago,2023-03-20,7001.18
2867,4,12,1017.0600000000001,254.26500000000001,56,Male,San Jose,2023-03-26,1017.06
2868,7,14,905.6700000000001,129.3814285714286,50,Female,Chicago,2023-01-08,905.67
2869,4,9,634.6700000000001,158.66750000000002,56,Male,Houston,2023-12-03,634.67
2870,19,59,7123.28,374.9094736842105,24,Male,Houston,2024-02-14,7123.28
2871,7,15,1234.4099999999999,176.3442857142857,50,Female,Chicago,2024-12-06,1234.41
2872,16,52,7351.429999999999,459.46437499999996,57,Male,Dallas,2022-07-17,7351.43
2873,11,25,2657.45,241.58636363636361,23,Female,Austin,2024-10-27,2657.45
2874,12,24,1794.9,149.57500000000002,52,Male,Austin,2022-09-24,1794.9
2875,22,62,7897.32,358.9690909090909,41,Male,Jacksonville,2024-06-02,7897.32
2876,27,70,8808.66,326.24666666666667,69,Female,San Antonio,2024-12-21,8808.66
2877,25,79,11059.369999999999,442.37479999999994,65,Male,San Antonio,2023-12-19,11059.37
2878,15,45,5649.01,376.60066666666665,67,Male,Los Angeles,2022-10-02,5649.01
2879,30,77,9574.51,319.1503333333333,52,Female,Phoenix,2023-08-04,9574.51
2880,34,111,16856.64,495.7835294117647,65,Male,San Jose,2023-01-23,16856.64
2881,28,86,11118.56,397.09142857142854,18,Female,Austin,2024-12-06,11118.56
2882,10,24,2137.62,213.762,38,Female,Philadelphia,2023-02-25,2137.62
2883,33,95,11707.59,354.7754545454545,59,Female,Phoenix,2022-08-07,11707.59
2884,24,78,10268.56,427.8566666666666,57,Female,Austin,2024-05-17,10268.56
2885,7,19,1865.0900000000001,266.4414285714286,44,Female,Chicago,2024-03-24,1865.09
2886,17,57,7264.56,427.32705882352946,48,Female,Phoenix,2024-01-29,7264.56
2887,13,27,1591.61,122.43153846153845,43,Male,Austin,2023-12-07,1591.61
2888,13,32,3046.66,234.35846153846154,46,Male,Los Angeles,2022-09-01,3046.66
2889,18,53,8680.54,482.25222222222226,68,Female,Dallas,2023-03-16,8680.54
2890,26,82,11353.11,436.6580769230769,58,Male,Los Angeles,2022-04-17,11353.11
2891,14,40,5435.9,388.2785714285714,56,Female,Los Angeles,2022-10-25,5435.9
2892,17,44,4947.33,291.01941176470586,41,Male,San Jose,2022-05-12,4947.33
2893,6,18,1366.3899999999999,227.73166666666665,43,Female,Jacksonville,2022-03-19,1366.39
2894,6,12,1129.0,188.16666666666666,70,Male,Austin,2022-04-28,1129.0
2895,33,104,13356.89,404.7542424242424,30,Female,Houston,2024-10-09,13356.89
2896,4,11,823.55,205.8875,50,Male,San Jose,2022-03-10,823.55
2897,14,29,2705.23,193.2307142857143,41,Male,Austin,2022-12-14,2705.23
2898,6,13,730.63,121.77166666666666,23,Female,San Antonio,2022-01-01,730.63
2899,5,14,1304.05,260.81,43,Male,Dallas,2023-12-25,1304.05
2900,3,8,526.16,175.38666666666666,22,Male,Dallas,2022-02-01,526.16
2901,9,24,2089.08,232.12,53,Female,Philadelphia,2023-08-06,2089.08
2902,28,85,12145.74,433.77642857142854,30,Female,San Antonio,2023-07-21,12145.74
2903,20,64,9448.41,472.4205,44,Male,Dallas,2022-01-10,9448.41
2904,29,88,12834.27,442.56103448275866,39,Male,Dallas,2022-05-29,12834.27
2905,4,8,685.9300000000001,171.48250000000002,70,Female,Jacksonville,2023-06-12,685.93
2906,11,19,1392.76,126.61454545454545,54,Female,Houston,2024-06-25,1392.76
2907,9,16,1759.03,195.4477777777778,47,Female,San Jose,2023-11-27,1759.03
2908,22,66,8930.39,405.92681818181813,34,Male,San Antonio,2022-02-26,8930.39
2909,11,24,2233.88,203.08,32,Female,San Antonio,2023-03-28,2233.88
2910,15,47,6445.81,429.7206666666667,18,Female,Houston,2023-12-25,6445.81
2911,28,80,11975.2,427.6857142857143,61,Female,Los Angeles,2023-08-12,11975.2
2912,14,42,5779.87,412.84785714285715,40,Male,San Jose,2023-01-01,5779.87
2913,15,51,7143.42,476.228,65,Male,San Diego,2023-07-06,7143.42
2914,24,60,8281.33,345.05541666666664,33,Female,Houston,2023-02-13,8281.33
2915,13,39,5731.5199999999995,440.88615384615383,33,Female,Chicago,2023-04-15,5731.52
2916,22,65,8752.71,397.8504545454545,23,Female,San Jose,2022-08-07,8752.71
2917,13,30,2115.12,162.70153846153846,52,Male,San Diego,2022-01-14,2115.12
2918,6,18,1591.82,265.30333333333334,49,Female,San Diego,2024-01-31,1591.82
2919,5,9,635.0899999999999,127.01799999999999,50,Female,San Antonio,2023-01-10,635.09
2920,12,27,1955.1100000000001,162.92583333333334,26,Male,Dallas,2023-03-31,1955.11
2921,23,62,7220.48,313.93391304347824,52,Male,Dallas,2024-05-16,7220.48
2922,27,79,11990.1,444.0777777777778,61,Male,San Diego,2023-12-13,11990.1
2923,4,11,596.39,149.0975,47,Female,Jacksonville,2022-09-04,596.39
2924,28,89,11835.72,422.7042857142857,31,Female,San Jose,2022-01-18,11835.72
2925,23,59,7006.400000000001,304.62608695652176,57,Female,Chicago,2022-07-26,7006.4
2926,25,71,7897.61,315.9044,48,Female,Philadelphia,2023-06-23,7897.61
2927,21,71,8090.13,385.2442857142857,31,Female,Jacksonville,2023-01-12,8090.13
2928,27,76,11763.62,435.6896296296297,43,Female,San Diego,2024-02-02,11763.62
2929,11,36,3369.08,306.28,54,Male,Los Angeles,2023-01-04,3369.08
2930,7,17,1465.52,209.35999999999999,53,Female,San Antonio,2023-07-07,1465.52
2931,24,70,10024.54,417.6891666666667,65,Male,San Diego,2023-02-06,10024.54
2932,32,93,11859.52,370.61,49,Male,Austin,2022-01-20,11859.52
2933,20,53,6818.94,340.947,38,Female,Phoenix,2024-11-24,6818.94
2934,28,80,10318.9,368.53214285714284,54,Male,San Antonio,2023-05-29,10318.9
2935,4,12,678.27,169.5675,21,Male,Phoenix,2022-07-22,678.27
2936,1,3,352.83,352.83,24,Female,Jacksonville,2024-09-02,352.83
2937,22,81,10975.52,498.8872727272728,41,Female,Philadelphia,2023-11-17,10975.52
2938,21,64,9518.789999999999,453.27571428571423,40,Male,San Jose,2022-02-10,9518.79
2939,1,1,62.9,62.9,36,Female,Philadelphia,2022-12-24,62.9
2940,22,66,9291.15,422.325,65,Female,Los Angeles,2024-11-11,9291.15
2941,12,28,2557.02,213.085,47,Male,Chicago,2024-02-20,2557.02
2942,30,86,9755.49,325.183,57,Female,Los Angeles,2023-11-22,9755.49
2943,18,49,7668.83,426.0461111111111,32,Female,Philadelphia,2022-06-12,7668.83
2944,11,25,1482.83,134.80272727272725,56,Female,Phoenix,2023-08-20,1482.83
2945,13,34,2477.7,190.59230769230768,41,Female,San Antonio,2024-06-30,2477.7
2946,28,89,10354.91,369.8182142857143,19,Male,Jacksonville,2022-12-09,10354.91
2947,6,18,1307.28,217.88,65,Male,Houston,2023-04-26,1307.28
2948,22,53,4950.28,225.01272727272726,24,Male,San Diego,2022-12-08,4950.28
2949,18,61,9371.35,520.6305555555556,43,Male,Los Angeles,2022-04-21,9371.35
2950,3,5,413.45000000000005,137.8166666666667,23,Female,Phoenix,2023-06-22,413.45
2951,21,60,8327.27,396.5366666666667,36,Female,Austin,2023-04-15,8327.27
2952,22,71,7614.49,346.11318181818183,28,Male,New York,2022-09-16,7614.49
2953,6,10,805.39,134.23166666666665,38,Female,San Diego,2024-01-01,805.39
2954,20,56,6773.41,338.6705,26,Male,San Jose,2023-07-12,6773.41
2955,16,41,2234.39,139.649375,58,Female,Dallas,2024-07-24,2234.39
2956,12,46,6271.74,522.645,40,Female,Dallas,2024-12-29,6271.74
2957,5,12,631.47,126.29400000000001,46,Female,Philadelphia,2023-04-11,631.47
2958,23,71,9560.34,415.6669565217391,37,Male,New York,2024-04-24,9560.34
2959,4,5,215.87,53.9675,26,Female,Phoenix,2024-12-07,215.87
2960,20,59,6243.74,312.187,62,Female,San Diego,2024-08-18,6243.74
2961,18,45,4095.71,227.53944444444446,45,Female,San Jose,2023-09-06,4095.71
2962,8,25,2011.9499999999998,251.49374999999998,53,Female,Houston,2023-04-19,2011.95
2963,3,5,308.14,102.71333333333332,45,Female,Houston,2024-04-23,308.14
2964,4,10,553.47,138.3675,59,Female,San Antonio,2022-12-01,553.47
2965,22,57,7659.39,348.15409090909094,45,Male,Dallas,2023-03-28,7659.39
2966,23,62,8543.78,371.46869565217395,65,Female,San Antonio,2023-07-11,8543.78
2967,5,6,496.19,99.238,29,Male,Phoenix,2023-01-21,496.19
2968,6,13,1245.96,207.66,57,Female,Phoenix,2022-08-15,1245.96
2969,24,77,10686.11,445.25458333333336,19,Male,New York,2024-10-04,10686.11
2970,25,84,11158.21,446.3284,24,Female,Phoenix,2024-12-31,11158.21
2971,6,18,1805.79,300.965,64,Male,Houston,2022-09-14,1805.79
2972,26,76,11733.09,451.2726923076923,49,Male,Philadelphia,2022-07-04,11733.09
2973,24,72,9287.24,386.9683333333333,69,Female,Philadelphia,2024-05-10,9287.24
2974,5,16,487.48,97.49600000000001,20,Female,Los Angeles,2024-08-07,487.48
2975,10,30,4966.85,496.68500000000006,67,Female,Los Angeles,2022-10-27,4966.85
2976,21,68,10003.39,476.35190476190473,34,Female,New York,2024-08-20,10003.39
2977,6,14,1171.3999999999999,195.23333333333332,63,Male,San Antonio,2022-09-07,1171.4
2978,20,59,6384.92,319.246,20,Male,San Diego,2024-06-26,6384.92
2979,23,62,6648.14,289.0495652173913,31,Female,San Antonio,2022-07-12,6648.14
2980,11,21,1237.56,112.50545454545454,28,Male,Jacksonville,2023-10-02,1237.56
2981,28,87,8824.23,315.1510714285714,48,Female,Houston,2024-12-02,8824.23
2982,6,12,1128.83,188.13833333333332,60,Male,Los Angeles,2024-01-09,1128.83
2983,13,34,2518.21,193.70846153846153,38,Male,Chicago,2023-04-29,2518.21
2984,28,85,10263.76,366.5628571428571,43,Male,New York,2023-07-20,10263.76
2985,19,46,5045.11,265.53210526315786,62,Female,Jacksonville,2022-03-28,5045.11
2986,14,36,5161.2,368.65714285714284,23,Male,Chicago,2022-11-14,5161.2
2987,20,65,7364.7699999999995,368.2385,57,Female,Austin,2024-10-20,7364.77
2988,17,58,7390.74,434.7494117647059,59,Male,Jacksonville,2022-05-03,7390.74
2989,26,80,10244.02,394.00076923076927,32,Female,Dallas,2022-08-08,10244.02
2990,6,10,622.99,103.83166666666666,46,Male,New York,2023-12-13,622.99
2991,10,30,2959.75,295.975,26,Female,New York,2024-02-13,2959.75
2992,5,13,1022.87,204.574,53,Female,Dallas,2024-09-20,1022.87
2993,21,56,7160.92,340.99619047619046,29,Female,Philadelphia,2024-09-30,7160.92
2994,21,64,7320.38,348.5895238095238,56,Male,Los Angeles,2024-08-17,7320.38
2995,16,38,5475.22,342.20125,36,Female,Dallas,2024-12-23,5475.22
2996,18,46,6740.3,374.4611111111111,67,Female,Jacksonville,2024-01-22,6740.3
2997,5,10,866.4100000000001,173.282,57,Female,San Jose,2023-01-15,866.41
2998,18,53,6441.92,357.88444444444445,22,Female,Houston,2023-05-05,6441.92
2999,7,14,1105.17,157.8814285714286,67,Male,San Jose,2024-12-09,1105.17
3000,20,67,10200.96,510.04799999999994,59,Female,Los Angeles,2023-08-03,10200.96
